1 1.0000 1.5 0.0000
2 0.7071 1.5 0.7071
3 0.0000 1.5 1.0000
4 -0.7071 1.5 0.7071
5 -1.0000 1.5 0.0000
6 -0.7071 1.5 -0.7071
7 -0.0000 1.5 -1.0000
8 0.7071 1.5 -0.7071

9 1.0000 -1.5 0.0000
10 0.7071 -1.5 0.7071
11 0.0000 -1.5 1.0000
12 -0.7071 -1.5 0.7071
13 -1.0000 -1.5 0.0000
14 -0.7071 -1.5 -0.7071
15 -0.0000 -1.5 -1.0000
16 0.7071 -1.5 -0.7071



17 2.5000 1.5 0.0000
18 2.2071 1.5 0.7071
19 1.5000 1.5 1.0000
20 0.7929 1.5 0.7071
21 0.5000 1.5 0.0000
22 0.7929 1.5 -0.7071
23 1.5000 1.5 -1.0000
24 2.2071 1.5 -0.7071

25 2.5000 -1.5 0.0000
26 2.2071 -1.5 0.7071
27 1.5000 -1.5 1.0000
28 0.7929 -1.5 0.7071
29 0.5000 -1.5 0.0000
30 0.7929 -1.5 -0.7071
31 1.5000 -1.5 -1.0000
32 2.2071 -1.5 -0.7071




33 4.0000 1.5 0.0000
34 3.7071 1.5 0.7071
35 3.0000 1.5 1.0000
36 2.2929 1.5 0.7071
37 2.0000 1.5 0.0000
38 2.2929 1.5 -0.7071
39 3.0000 1.5 -1.0000
40 3.7071 1.5 -0.7071

41 4.0000 -1.5 0.0000
42 3.7071 -1.5 0.7071
43 3.0000 -1.5 1.0000
44 2.2929 -1.5 0.7071
45 2.0000 -1.5 0.0000
46 2.2929 -1.5 -0.7071
47 3.0000 -1.5 -1.0000
48 3.7071 -1.5 -0.7071





49 5.5000 1.5 0.0000
50 5.2071 1.5 0.7071
51 4.5000 1.5 1.0000
52 3.7929 1.5 0.7071
53 3.5000 1.5 0.0000
54 3.7929 1.5 -0.7071
55 4.5000 1.5 -1.0000
56 5.2071 1.5 -0.7071

57 5.5000 -1.5 0.0000
58 5.2071 -1.5 0.7071
59 4.5000 -1.5 1.0000
60 3.7929 -1.5 0.7071
61 3.5000 -1.5 0.0000
62 3.7929 -1.5 -0.7071
63 4.5000 -1.5 -1.0000
64 5.2071 -1.5 -0.7071




65 6.5 5.0000 0.0000
66 6.5 4.7071 0.7071
67 6.5 4.0000 1.0000
68 6.5 3.2929 0.7071
69 6.5 3.0000 0.0000
70 6.5 3.2929 -0.7071
71 6.5 4.0000 -1.0000
72 6.5 4.7071 -0.7071

73 -1.5 5.0000 0.0000
74 -1.5 4.7071 0.7071
75 -1.5 4.0000 1.0000
76 -1.5 3.2929 0.7071
77 -1.5 3.0000 0.0000
78 -1.5 3.2929 -0.7071
79 -1.5 4.0000 -1.0000
80 -1.5 4.7071 -0.7071

81 6.5 -3 0.0000
82 6.5 -3.2929 0.7071
83 6.5 -4 1.0000
84 6.5 -4.7071 0.7071
85 6.5 -5 0.0000
86 6.5 -4.7071 -0.7071
87 6.5 -4 -1.0000
88 6.5 -3.2929 -0.7071

89 -1.5 -3 0.0000
90 -1.5 -3.2929 0.7071
91 -1.5 -4 1.0000
92 -1.5 -4.7071 0.7071
93 -1.5 -5 0.0000
94 -1.5 -4.7071 -0.7071
95 -1.5 -4 -1.0000
96 -1.5 -3.2929 -0.7071

97 0.0000 -1.5 -1.5000
98 4.5000 -1.5 -1.5000
99 4.5000 1.5 -1.5000
100 -0.0000 1.5 -1.5000


101 2.3000 0.0000 -1.5
102 2.2598 0.1500 -1.5
103 2.1500 0.2598 -1.5
104 2.0000 0.3000 -1.5
105 1.8500 0.2598 -1.5
106 1.7402 0.1500 -1.5
107 1.7000 0.0000 -1.5
108 1.7402 -0.1500 -1.5
109 1.8500 -0.2598 -1.5
110 2.0000 -0.3000 -1.5
111 2.1500 -0.2598 -1.5
112 2.2598 -0.1500 -1.5

113 2.3000 0.0000 -3
114 2.2598 0.1500 -3
115 2.1500 0.2598 -3
116 2.0000 0.3000 -3
117 1.8500 0.2598 -3
118 1.7402 0.1500 -3
119 1.7000 0.0000 -3
120 1.7402 -0.1500 -3
121 1.8500 -0.2598 -3
122 2.0000 -0.3000 -3
123 2.1500 -0.2598 -3
124 2.2598 -0.1500 -3


125 2.6000 0.0000 -3
126 2.5698 0.1710 -3
127 2.4830 0.3214 -3
128 2.3500 0.4330 -3
129 2.1868 0.4924 -3
130 2.0132 0.4924 -3
131 1.8500 0.4330 -3
132 1.7170 0.3214 -3
133 1.6302 0.1710 -3
134 1.6000 0.0000 -3
135 1.6302 -0.1710 -3
136 1.7170 -0.3214 -3
137 1.8500 -0.4330 -3
138 2.0132 -0.4924 -3
139 2.1868 -0.4924 -3
140 2.3500 -0.4330 -3
141 2.4830 -0.3214 -3
142 2.5698 -0.1710 -3

143 2.6000 0.0000 -8
144 2.5698 0.1710 -8
145 2.4830 0.3214 -8
146 2.3500 0.4330 -8
147 2.1868 0.4924 -8
148 2.0132 0.4924 -8
149 1.8500 0.4330 -8
150 1.7170 0.3214 -8
151 1.6302 0.1710 -8
152 1.6000 0.0000 -8
153 1.6302 -0.1710 -8
154 1.7170 -0.3214 -8
155 1.8500 -0.4330 -8
156 2.0132 -0.4924 -8
157 2.1868 -0.4924 -8
158 2.3500 -0.4330 -8
159 2.4830 -0.3214 -8
160 2.5698 -0.1710 -8

161 2.6000 0.0000 -8
162 2.1000 0.5000 -8
163 1.6000 0.0000 -8
164 2.1000 -0.5000 -8

165 2.6000 0.0000 -9
166 2.1000 0.5000 -9
167 1.6000 0.0000 -9
168 2.1000 -0.5000 -9


169 1.7 0.0000 -7.9000
170 1.7 0.3536 -8.0464
171 1.7 0.5000 -8.4000
172 1.7 0.3536 -8.7536
173 1.7 0.0000 -8.9000
174 1.7 -0.3536 -8.7536
175 1.7 -0.5000 -8.4000
176 1.7 -0.3536 -8.0464

177 -3 0.0000 -7.9000
178 -3 0.3536 -8.0464
179 -3 0.5000 -8.4000
180 -3 0.3536 -8.7536
181 -3 0.0000 -8.9000
182 -3 -0.3536 -8.7536
183 -3 -0.5000 -8.4000
184 -3 -0.3536 -8.0464

185 7.2 0.0000 -7.9000
186 7.2 0.3536 -8.0464
187 7.2 0.5000 -8.4000
188 7.2 0.3536 -8.7536
189 7.2 0.0000 -8.9000
190 7.2 -0.3536 -8.7536
191 7.2 -0.5000 -8.4000
192 7.2 -0.3536 -8.0464

193 2.5 0.0000 -7.9000
194 2.5 0.3536 -8.0464
195 2.5 0.5000 -8.4000
196 2.5 0.3536 -8.7536
197 2.5 0.0000 -8.9000
198 2.5 -0.3536 -8.7536
199 2.5 -0.5000 -8.4000
200 2.5 -0.3536 -8.0464


201 2.1000 -0.5 -7.9000
202 2.4536 -0.5 -8.0464
203 2.6000 -0.5 -8.4000
204 2.4536 -0.5 -8.7536
205 2.1000 -0.5 -8.9000
206 1.7464 -0.5 -8.7536
207 1.6000 -0.5 -8.4000
208 1.7464 -0.5 -8.0464

209 2.1000 -5.2 -7.9000
210 2.4536 -5.2 -8.0464
211 2.6000 -5.2 -8.4000
212 2.4536 -5.2 -8.7536
213 2.1000 -5.2 -8.9000
214 1.7464 -5.2 -8.7536
215 1.6000 -5.2 -8.4000
216 1.7464 -5.2 -8.0464

217 2.1000 0.5 -7.9000
218 2.4536 0.5 -8.0464
219 2.6000 0.5 -8.4000
220 2.4536 0.5 -8.7536
221 2.1000 0.5 -8.9000
222 1.7464 0.5 -8.7536
223 1.6000 0.5 -8.4000
224 1.7464 0.5 -8.0464

225 2.1000 5.2 -7.9000
226 2.4536 5.2 -8.0464
227 2.6000 5.2 -8.4000
228 2.4536 5.2 -8.7536
229 2.1000 5.2 -8.9000
230 1.7464 5.2 -8.7536
231 1.6000 5.2 -8.4000
232 1.7464 5.2 -8.0464



233 -2.0000 4 3.0000
234 -1.5000 4 2.8660
235 -1.1340 4 2.5000
236 -1.0000 4 2.0000
237 -1.1340 4 1.5000
238 -1.5000 4 1.1340
239 -2.0000 4 1.0000
240 -2.5000 4 1.1340
241 -2.8660 4 1.5000
242 -3.0000 4 2.0000
243 -2.8660 4 2.5000
244 -2.5000 4 2.8660

245 -2.0000 -4 3.0000
246 -1.5000 -4 2.8660
247 -1.1340 -4 2.5000
248 -1.0000 -4 2.0000
249 -1.1340 -4 1.5000
250 -1.5000 -4 1.1340
251 -2.0000 -4 1.0000
252 -2.5000 -4 1.1340
253 -2.8660 -4 1.5000
254 -3.0000 -4 2.0000
255 -2.8660 -4 2.5000
256 -2.5000 -4 2.8660


281 -3.5000 2 15.0000
282 -2.7500 2 14.7990
283 -2.2010 2 14.2500
284 -2.0000 2 13.5000
285 -2.2010 2 12.7500
286 -2.7500 2 12.2010
287 -3.5000 2 12.0000
288 -4.2500 2 12.2010
289 -4.7990 2 12.7500
290 -5.0000 2 13.5000
291 -4.7990 2 14.2500
292 -4.2500 2 14.7990

293 -3.5000 -2 15.0000
294 -2.7500 -2 14.7990
295 -2.2010 -2 14.2500
296 -2.0000 -2 13.5000
297 -2.2010 -2 12.7500
298 -2.7500 -2 12.2010
299 -3.5000 -2 12.0000
300 -4.2500 -2 12.2010
301 -4.7990 -2 12.7500
302 -5.0000 -2 13.5000
303 -4.7990 -2 14.2500
304 -4.2500 -2 14.7990


305 -2.5000 4 6.0000
306 -1.5000 4 5.7321
307 -0.7679 4 5.0000
308 -0.5000 4 4.0000
309 -0.7679 4 3.0000
310 -1.5000 4 2.2679
311 -2.5000 4 2.0000
312 -3.5000 4 2.2679
313 -4.2321 4 3.0000
314 -4.5000 4 4.0000
315 -4.2321 4 5.0000
316 -3.5000 4 5.7321

317 -2.5000 -4 6.0000
318 -1.5000 -4 5.7321
319 -0.7679 -4 5.0000
320 -0.5000 -4 4.0000
321 -0.7679 -4 3.0000
322 -1.5000 -4 2.2679
323 -2.5000 -4 2.0000
324 -3.5000 -4 2.2679
325 -4.2321 -4 3.0000
326 -4.5000 -4 4.0000
327 -4.2321 -4 5.0000
328 -3.5000 -4 5.7321



329 -3.0000 3.5 10.0000
330 -2.0000 3.5 9.7321
331 -1.2679 3.5 9.0000
332 -1.0000 3.5 8.0000
333 -1.2679 3.5 7.0000
334 -2.0000 3.5 6.2679
335 -3.0000 3.5 6.0000
336 -4.0000 3.5 6.2679
337 -4.7321 3.5 7.0000
338 -5.0000 3.5 8.0000
339 -4.7321 3.5 9.0000
340 -4.0000 3.5 9.7321

341 -3.0000 -3.5 10.0000
342 -2.0000 -3.5 9.7321
343 -1.2679 -3.5 9.0000
344 -1.0000 -3.5 8.0000
345 -1.2679 -3.5 7.0000
346 -2.0000 -3.5 6.2679
347 -3.0000 -3.5 6.0000
348 -4.0000 -3.5 6.2679
349 -4.7321 -3.5 7.0000
350 -5.0000 -3.5 8.0000
351 -4.7321 -3.5 9.0000
352 -4.0000 -3.5 9.7321



353 -3.7500 3.5 12.0000
354 -3.2500 3.5 11.8660
355 -2.8840 3.5 11.5000
356 -2.7500 3.5 11.0000
357 -2.8840 3.5 10.5000
358 -3.2500 3.5 10.1340
359 -3.7500 3.5 10.0000
360 -4.2500 3.5 10.1340
361 -4.6160 3.5 10.5000
362 -4.7500 3.5 11.0000
363 -4.6160 3.5 11.5000
364 -4.2500 3.5 11.8660

365 -3.7500 -3.5 12.0000
366 -3.2500 -3.5 11.8660
367 -2.8840 -3.5 11.5000
368 -2.7500 -3.5 11.0000
369 -2.8840 -3.5 10.5000
370 -3.2500 -3.5 10.1340
371 -3.7500 -3.5 10.0000
372 -4.2500 -3.5 10.1340
373 -4.6160 -3.5 10.5000
374 -4.7500 -3.5 11.0000
375 -4.6160 -3.5 11.5000
376 -4.2500 -3.5 11.8660


377 1 5.1 -1.5
378 2.5 5.1 -1.5 
379 1 5.1 5
380 2.5 5.1 5
381 1 6 -1.5
382 2.5 6 -1.5 
383 1 6 5
384 2.5 6 5

385 1 -5.1 -1.5
386 2.5 -5.1 -1.5 
387 1 -5.1 5
388 2.5 -5.1 5
389 1 -6 -1.5
390 2.5 -6 -1.5 
391 1 -6 5
392 2.5 -6 5

393 4 4.5 5
394 4 6.5 5
395 -0.5 4.5 5
396 -0.5 6.5 5
397 4 4.5 5.5
398 4 6.5 5.5
399 -0.5 4.5 5.5
400 -0.5 6.5 5.5

401 4 -4.5 5
402 4 -6.5 5
403 -0.5 -4.5 5
404 -0.5 -6.5 5
405 4 -4.5 5.5
406 4 -6.5 5.5
407 -0.5 -4.5 5.5
408 -0.5 -6.5 5.5

409 2.35 5.2000 -8.5000
410 2.35 5.6950 -8.7050
411 2.35 5.9000 -9.2000
412 2.35 5.6950 -9.6950
413 2.35 5.2000 -9.9000
414 2.35 4.7050 -9.6950
415 2.35 4.5000 -9.2000
416 2.35 4.7050 -8.7050
417 1.85 5.2000 -8.5000
418 1.85 5.6950 -8.7050
419 1.85 5.9000 -9.2000
420 1.85 5.6950 -9.6950
421 1.85 5.2000 -9.9000
422 1.85 4.7050 -9.6950
423 1.85 4.5000 -9.2000
424 1.85 4.7050 -8.7050


425 2.35 -5.2000 -8.5000
426 2.35 -4.7050 -8.7050
427 2.35 -4.5000 -9.2000
428 2.35 -4.7050 -9.6950
429 2.35 -5.2000 -9.9000
430 2.35 -5.6950 -9.6950
431 2.35 -5.9000 -9.2000
432 2.35 -5.6950 -8.7050

433 1.85 -5.2000 -8.5000
434 1.85 -4.7050 -8.7050
435 1.85 -4.5000 -9.2000
436 1.85 -4.7050 -9.6950
437 1.85 -5.2000 -9.9000
438 1.85 -5.6950 -9.6950
439 1.85 -5.9000 -9.2000
440 1.85 -5.6950 -8.7050



441 -3.0000 0.25 -8.5000
442 -2.5050 0.25 -8.7050
443 -2.3000 0.25 -9.2000
444 -2.5050 0.25 -9.6950
445 -3.0000 0.25 -9.9000
446 -3.4950 0.25 -9.6950
447 -3.7000 0.25 -9.2000
448 -3.4950 0.25 -8.7050
449 -3.0000 -0.25 -8.5000
450 -2.5050 -0.25 -8.7050
451 -2.3000 -0.25 -9.2000
452 -2.5050 -0.25 -9.6950
453 -3.0000 -0.25 -9.9000
454 -3.4950 -0.25 -9.6950
455 -3.7000 -0.25 -9.2000
456 -3.4950 -0.25 -8.7050


457 7.0000 0.25 -8.5000
458 7.4950 0.25 -8.7050
459 7.7000 0.25 -9.2000
460 7.4950 0.25 -9.6950
461 7.0000 0.25 -9.9000
462 6.5050 0.25 -9.6950
463 6.3000 0.25 -9.2000
464 6.5050 0.25 -8.7050
465 7.0000 -0.25 -8.5000
466 7.4950 -0.25 -8.7050
467 7.7000 -0.25 -9.2000
468 7.4950 -0.25 -9.6950
469 7.0000 -0.25 -9.9000
470 6.5050 -0.25 -9.6950
471 6.3000 -0.25 -9.2000
472 6.5050 -0.25 -8.7050

900 -1.5 4 1.1340
901 -1.5 -4 1.1340

902 2.1151 0.0855 16
903 2.1151 0.0855 -1.5


Faces:
-1 -2 3 4 5 6 7 8.
-8 7 6 5 4 3 2 -1.

-9 -10 11 12 13 14 15 16.
-16 15 14 13 12 11 10 -9.

17 18 19 20 -21 -22 23 24. 
-24 23 22 -21 -20 19 18 -17.

-25 -26 27 28 -29 -30 31 32. 
32 31 30 -29 -28 27 26 25.

2 10 11 3.3 11 10 2.
3 11 12 4. 4 12 11 3. 
4 12 13 5. 5 13 12 4.
5 13 14 6. 6 14 13 5.
6 14 15 7. 7 15 14 6.

22 30 31 23. 23 31 30 22.
23 31 32 24. 24 32 31 23.
18 26 27 19. 19 27 26 18.
19 27 28 20. 20 28 27 19.


33 34 35 36 37 38 39 40. -40 39 38 -37 -36 35 34 -33.
-41 -42 43 44 -45 -46 47 48. 48 47 46 -45 -44 43 42 41.

34 42 43 35.35 43 42 34.
35 43 44 36. 36 44 43 35.
38 46 47 39. 39 47 46 38.
39 47 48 40. 40 48 47 39.

49 50 51 52 -53 -54 55 56. 56 55 54 -53 -52 51 50 49.
57 58 59 60 -61 -62 63 64. 64 63 62 61 60 59 58 57.

49 57 58 50. 50 58 57 49.
50 58 59 51. 51 59 58 50.
51 59 60 52. 52 60 59 51.
54 62 63 55. 55 63 62 54.
55 63 64 56. 56 64 63 55.
56 64 57 49. 49 57 64 56.


73 74 75 79 80. 80 79 75 74 73.
65 66 67 71 72.72 71 67 66 65.

67 50 -56 71.71 56 -50 67.
75 4 -6 79. 79 6 -4 75.
67 75 74 66. 66 74 75 67.
66 74 73 65. 65 73 74 66.
65 73 80 72. 72 80 73 65.
71 79 80 72. 72 80 79 71. 
67 50 -4 75. 75 -4 -50 67.
71 56 6 79. 79 6 56 71.


83 84 85 86 87.
87 64 -58 83. 
83 58 -64 87 86.
86 85 84 83.

83 91 92 84. 84 92 91 83.
84 92 93 85. 85 93 92 84. 
85 93 94 86. 86 94 93 85.
86 94 95 87. 87 95 94 86.

91 92 93 94 95. 95 94 93 92 91.
95 14 -12 91. 91 12 -14 95.

95 14 64 87. 87 64 14 95.

91 12 58 83. 83 58 12 91.

97 98 99 100. 100 99 98 97.
97 15 7 100. 100 7 15 97.
98 63 55 99. 99 55 63 98.
100 7 55 99. 99 55 7 100.
97 15 63 98. 98 63 15 97.

101 102 103 104 105 106 107 108 109 110 111 112. 112 111 110 109 108 107 106 105 104 103 102 101.
113 114 115 116 117 118 119 120 121 122 123 124. 124 123 122 121 120 119 118 117 116 115 114 113.

101 113 114 102.
102 114 115 103.
103 115 116 104.
104 116 117 105.
105 117 118 106.
106 118 119 107.
107 119 120 108.
108 120 121 109.
109 121 122 110.
110 122 123 111.
111 123 124 112.
112 124 113 101.


125 126 128 129 130 131 132 133 134 135 135 136 137 138 139 140 141 142.
142 141 140 139 138 137 136 135 134 133 132 131 130 129 128 127 126 125.


125 143 144 126.
126 144 145 127.
127 145 146 128.
128 146 147 129.
129 147 148 130.
130 148 149 131.
131 149 150 132.
132 150 151 133.
133 151 152 134.
134 152 153 135.
135 153 154 136.
136 154 155 137.
137 155 156 138.
138 156 157 139.
139 157 158 140.
140 158 159 141.
141 159 160 142.
142 160 143 125.


161 165 166 162.
162 166 167 163.
163 167 168 164.
164 168 165 161.


169 170 171 172 173 174 175 176.
176 175 174 173 172 171 170 169.

177 178 179 180 181 182 183 184.
184 183 182 181 180 179 178 177.


169 177 178 170.
170 178 177 169.

170 178 179 171.
171 179 178 170.

171 179 180 172.
172 180 179 171.

172 180 181 173.
173 181 180 172.

173 181 182 174.
174 182 181 173.

174 182 183 175.
175 183 182 174.

175 183 184 176.
176 184 183 175.

176 184 177 169.
169 177 184 176.

185 186 187 188 189 190 191 192.
192 191 190 189 188 187 186 185.


193 194 195 196 197 198 199 200.
200 199 198 197 196 195 194 193.


185 193 194 186.
186 194 193 185.

186 194 195 187.
187 195 194 186.

187 195 196 188.
188 196 195 187.

188 196 197 189.
189 197 196 188.

189 197 198 190.
190 198 197 189.

190 198 199 191.
191 199 198 190.

191 199 200 192.
192 200 199 191.

192 200 193 185.
185 193 200 192.

201 202 203 204 205 206 207 208.
208 207 206 205 204 203 202 201.

209 210 211 212 213 214 215 216.
216 215 214 213 212 211 210 209.

201 209 210 202.
202 210 209 201.
202 210 211 203.
203 211 210 203.
203 211 212 204.
204 212 211 203.
204 212 213 205.
205 213 212 204.
205 213 214 206.
206 214 213 205.
206 214 215 207.
207 215 214 206.
207 215 216 208.
208 216 215 207.
208 216 209 201.
201 209 216 208.



217 218 219 220 221 222 223 224.
224 223 222 221 220 219 218 217.

225 226 227 228 229 230 231 232.
232 231 230 229 228 227 226 225.

217 225 226 218.
218 226 225 217.
218 226 227 219.
219 227 226 218
219 227 228 220.
220 228 227 219.
220 228 229 221.
221 229 228 220.
221 229 230 222.
222 230 229 221.
222 230 231 223.
223 231 230 222.
223 231 232 224.
224 232 231 223.
224 232 225 217.
217 225 232 224.
224 232 225 217.



242 -235 236 237 238 239 240 241. 


235 247 248 236.
236 248 249 237.
237 249 250 238.
238 250 251 239.
239 251 252 240.
240 252 253 241.
241 253 254 242.









247 -254 253 252 251 250 249 248.


281 282 283 284 285 286 287 288 289 290 291 292.
304 303 302 301 300 299 298 297 296 295 294 293.

281 293 294 282.
282 294 295 283.
283 295 296 284.
284 296 297 285.
285 297 298 286.
286 298 299 287.
287 299 300 288.
288 300 301 289.
289 301 302 290.
290 302 303 291.
291 303 304 292.
292 304 293 281.

305 306 307 308 309 310 311 312 313 314 315 316.
328 327 326 325 324 323 322 321 320 319 318 317.


305 317 318 306.
306 318 319 307.
307 319 320 308.
308 320 321 309.
309 321 322 310.
310 322 323 311.
311 323 324 312.
312 324 325 313.
313 325 326 314.
314 326 327 315.
315 327 328 316.
316 328 317 305.

329 330 331 332 333 334 335 336 337 338 339 340.
352 351 350 349 348 347 346 345 344 343 342 341.

329 341 342 330.
330 342 343 331.
331 343 344 332.
332 344 345 333.
333 345 346 334.
334 346 347 335.
335 347 348 336.
336 348 349 337.
337 349 350 338.
338 350 351 339.
339 351 352 340.
340 352 341 329.


353 354 355 356 357 358 359 360 361 362 363 364.
376 375 374 373 372 371 370 369 368 367 366 365.

353 365 366 354.
354 366 367 355.
355 367 368 356.
356 368 369 357.
357 369 370 358.
358 370 371 359.
359 371 372 360.
360 372 373 361.
361 373 374 362.
362 374 375 363.
363 375 376 364.
364 376 365 353.


380 379 377 378. 378 377 379 380. 
378 377 381 382. 382 381 377 378.
384 382 381 383. 383 381 382 384.
379 377 381 383. 383 381 377 379.
380 378 382 384. 384 382 378 380.

391 389 390 392. 392 390 389 391.
387 388 386 385. 385 386 388 387.
392 390 386 388. 388 386 390 392.
391 389 385 387. 387 385 389 391.


393 394 396 395. 395 396 394 393.
397 398 400 399. 399 400 398 397.

397 393 394 398. 398 394 393 397.
400 398 394 396. 396 394 398 400.
399 395 396 400. 400 396 395 399.
397 393 395 399. 399 395 393 397.

401 402 404 403. 403 404 402 401. 
405 406 408 407. 407 408 406 405.

405 401 402 406. 406 402 401 405.
407 403 404 408. 408 404 403 407.
405 401 403 407. 407 403 401 405.
406 402 404 408. 408 404 402 406.

409 410 411 412 413 414 415 416.
416 415 414 413 412 411 410 409.
417 418 419 420 421 422 423 424.
424 423 422 421 420 419 418 417.

425 426 427 428 429 430 431 432.
432 431 430 429 428 427 426 425.
433 434 435 436 437 438 439 440.
440 439 438 437 436 435 434 433. 

441 442 443 444 445 446 447 448.
448 447 446 445 444 443 442 441.
449 450 451 452 453 454 455 456.
456 455 454 453 452 451 450 449.

457 458 459 460 461 462 463 464.
464 463 462 461 460 459 458 457.
465 466 467 468 469 470 471 472.
472 471 470 469 468 467 466 465.